
wp1 = [5 0 pi/2];
wp2 = [5 5 5/4*pi];
wp3 = [-5 -5 pi/2];
wp4	= [-5 5 0];
wp5 = [0 0 0];
wp6 = [3 3 3/4*pi];
wp7 = [-3 0 3/2*pi];
wp8 = [0 -3 pi/4];
wp9 = [3 0 pi/2];
wp10 = [0 0 3/2*pi];